bpm: 132.1680088630312
ibi: 453.9676470588235
sdnn: 114.90260574168182
sdsd: 10.209412352908288
rmssd: 235.0679648036352
pnn20: 1.0
pnn50: 1.0
hr_mad: 13.700000000000045
sd1: 165.69958187910808
sd2: 3.513189434118216
s: 1828.827961564999
sd1/sd2: 47.165000631597714
breathingrate: 0.3890545973284918